[[0.0000,[68,1,84,255]],
[0.7716,[71,18,101,255]],
[1.5432,[72,35,116,255]],
[2.3148,[69,52,127,255]],
[3.0864,[64,67,135,255]],
[3.8580,[58,82,139,255]],
[4.6296,[52,94,141,255]],
[5.4012,[46,107,142,255]],
[6.1728,[41,120,142,255]],
[6.9444,[36,132,141,255]],
[7.7160,[32,144,140,255]],
[8.4876,[30,155,137,255]],
[9.2592,[34,167,132,255]],
[10.0308,[47,179,123,255]],
[10.8024,[68,190,112,255]],
[11.5740,[94,201,97,255]],
[12.3456,[121,209,81,255]],
[13.1172,[154,216,60,255]],
[13.8888,[189,222,38,255]],
[14.6604,[223,227,24,255]],
[15.4320,[253,231,36,255]]]